-61.75 1.25
-60.25 3.75
19.25 2.25
23.25 2.75
114.75 -4.25
-4.75 12.25
6.75 16.25
-41.75 -9.25
-46.25 -19.25
71.25 20.75
-88.75 40.25
-84.25 31.25
22.75 45.25
9.25 46.25
117.75 39.25
-130.25 53.75
-121.75 53.25
-67.25 -37.25
-69.25 -39.25
173.75 -41.75
-102.25 56.75
-133.75 56.75
64.25 64.75
75.25 58.25
23.25 65.75
39.25 38.25
-4.25 31.75
-121.75 38.75
124.25 -30.75
20.75 -32.25
-99.75 42.25
-98.75 35.25
87.25 47.25
50.75 52.75
-57.75 -30.25
-85.75 73.25
-124.25 69.75
117.75 67.25
82.25 72.75
-25.75 72.25
29.25 21.75
13.25 26.25
47.75 17.75
130.75 -24.25
-69.25 -23.75
72.25 58.75
82.75 62.25
-94.75 52.75
-90.25 50.25
102.75 4.75
94.75 18.75
28.75 28.75
17.75 -26.75
-116.75 39.25
-60.75 3.25
122.75 46.25
57.25 35.25
108.25 22.25
37.75 55.25
5.25 48.75
-76.25 8.25
57.75 41.25
14.75 -21.75
39.75 9.75
74.75 70.25
71.75 64.75
70.75 53.25
-129.75 61.75
-87.75 67.25
91.75 47.75
139.25 -7.75
71.25 30.25
148.75 70.25
-4.25 50.25
-91.25 -1.25
141.75 -36.25
80.25 18.75
77.25 55.75
108.75 18.75
79.25 20.25
-99.75 25.75
100.25 64.25
-100.75 40.25
13.75 14.75
52.75 41.25
-57.25 -30.25
-63.25 49.25
9.25 54.25
74.25 43.75
88.25 74.25
-72.75 -54.25
67.75 24.25
78.25 12.75
136.25 58.75
144.25 -17.75
3.25 33.75
146.75 -21.75
99.75 74.75
122.25 72.75
146.25 71.75
124.25 -32.75
-9.75 19.25
101.25 17.75
70.25 55.25
-136.25 63.25
24.75 -7.25
-100.25 43.25
85.25 62.25
43.75 6.25
168.25 62.25
135.75 66.75
9.25 -1.25
-63.25 -36.25
-58.25 54.75
0.25 18.25
-104.25 60.25
-125.75 67.25
151.25 -5.25
84.25 72.75
-158.25 60.75
70.75 25.75
-75.75 40.75
103.25 61.25
59.75 47.25
-77.25 55.75
96.75 54.25
-85.25 29.75
18.25 1.25
-82.75 81.25
-61.25 10.75
140.25 66.75
91.75 31.75
147.25 70.75
173.75 68.25
-54.25 -6.75
17.75 68.25
-85.75 81.75
52.25 66.75
-158.75 69.25
141.75 45.25
-99.25 29.25
116.25 48.75
178.25 69.25
71.25 41.25
30.25 5.25
3.25 35.25
-9.25 32.75
-126.75 60.75
38.75 26.25
78.75 60.25
-112.25 59.75
33.75 53.75
-59.25 1.75
38.25 44.75
47.25 -17.25
100.75 14.25
16.25 -17.75
150.25 -30.25
42.75 26.25
-1.25 24.75
127.25 65.75
-73.75 58.75
-93.25 62.25
170.25 67.25
39.75 40.25
53.25 33.75
23.25 63.75
-22.25 64.75
49.75 52.25
28.25 6.25
-63.25 -35.25
147.75 -20.75
-2.75 38.75
95.25 20.75
123.75 48.75
-34.75 -7.25
93.25 68.75
122.25 17.75
47.75 20.75
142.75 -34.25
135.75 58.75
79.25 33.75
-123.75 67.25
-68.75 -53.25
66.25 67.25
-75.25 51.75
34.25 -23.25
131.25 46.75
-57.25 48.25
-50.25 -4.75
-107.25 37.75
82.25 54.25
94.25 58.75
118.75 33.25
136.75 -27.75
26.25 55.25
21.75 29.75
116.25 -31.75
6.25 12.75
82.25 68.25
102.25 75.25
101.75 64.75
21.25 -25.75
35.25 -16.25
-95.25 42.75
8.75 44.75
-105.25 43.25
-98.75 66.75
-60.25 -51.75
74.25 66.75
0.25 9.25
-121.75 53.75
-64.75 50.75
-147.25 63.25
-97.25 17.75
42.25 35.25
-118.75 48.25
133.25 -18.25
-18.75 65.75
75.25 54.75
119.25 39.25
20.75 46.25
50.75 55.75
32.25 -7.25
26.75 40.25
106.25 30.75
79.75 35.25
-101.75 58.25
-67.75 -35.25
17.75 12.25
4.25 13.75
134.75 -27.75
-73.75 55.75
51.75 23.75
60.25 68.25
94.25 57.25
32.25 68.25
102.75 30.75
77.75 34.25
133.75 68.75
50.25 64.25
-107.75 29.25
-65.25 -10.25
-112.25 54.25
-70.75 -27.75
40.75 7.75
107.25 42.25
-71.25 -33.25
-1.25 28.75
14.25 9.25
9.25 63.75
108.25 49.75
-67.75 63.75
-107.25 53.75
15.75 -16.75
53.25 31.25
-0.75 19.25
115.25 63.25
-119.75 37.25
-51.75 -4.25
-13.75 10.25
-109.25 34.25
34.25 6.25
23.75 -26.75
-0.75 38.25
-16.25 20.75
-178.75 65.75
107.75 62.75
80.25 33.75
68.75 35.25
102.25 30.75
-73.75 -9.25
88.25 65.75
-106.25 34.75
-115.75 75.75
101.75 62.25
-107.75 42.75
4.75 50.25
-74.75 58.25
-47.25 -21.75
136.25 45.25
112.25 -7.75
-105.75 22.75
11.25 26.75
-44.25 -13.25
-61.25 -31.75
9.75 1.25
136.25 50.75
74.75 61.75
-129.75 60.75
-85.75 77.25
45.25 54.75
18.25 30.25
-113.75 63.75
22.75 -30.25
143.75 -35.75
122.75 10.75
-75.25 57.75
142.25 51.25
-79.25 -5.75
-47.25 -6.75
-115.75 46.75
-87.75 41.75
119.75 48.75
120.25 59.75
42.75 12.75
139.25 -32.75
15.25 -19.25
-51.75 1.75
57.25 31.25
118.75 -33.75
13.75 -21.25
19.75 -18.25
-93.75 17.25
17.25 3.25
-87.25 66.25
-74.25 46.25
81.25 47.25
42.25 37.25
147.75 -24.25
71.75 53.25
159.75 70.75
-67.25 48.25
49.25 39.75
-123.25 71.75
83.75 67.25
16.25 20.25
99.25 21.25
60.25 62.75
21.75 1.75
112.75 32.75
36.25 68.25
119.25 60.25
-103.75 64.75
9.75 22.75
45.75 39.25
44.75 49.75
-120.75 66.75
85.75 36.25
16.75 -17.25
-97.75 66.75
-122.75 56.75
39.25 27.75
7.75 6.75
-68.25 -21.25
7.75 12.75
16.25 78.25
15.75 -4.75
80.75 6.25
77.25 49.25
88.25 47.25
108.25 12.25
64.75 38.25
-118.75 65.75
80.25 6.75
80.25 8.75
-157.75 58.75
45.25 40.25
107.25 26.25
51.25 21.75
142.25 -12.25
-51.25 -20.25
-78.25 58.25
15.25 -21.75
127.25 62.25
-101.75 51.25
50.25 57.25
32.25 -6.25
67.25 41.25
-2.25 9.25
-89.75 53.75
-98.25 75.25
-10.25 28.75
31.25 6.25
15.25 18.25
103.25 17.75
56.25 30.75
-65.25 45.25
-1.75 9.25
74.25 53.75
74.25 30.75
44.75 -18.25
82.25 57.25
6.25 47.25
82.25 35.75
-83.25 45.75
13.75 6.25
-88.25 44.25
159.75 -8.25
-107.75 40.75
97.75 41.25
0.75 46.75
-7.75 23.25
129.75 46.75
95.25 65.75
-115.25 69.75
99.75 35.75
-76.25 -12.25
70.25 35.75
99.25 35.75
76.25 70.75
66.75 48.75
165.25 59.75
67.25 61.75
30.75 29.25
116.25 68.75
-97.25 25.75
14.25 61.25
-69.75 -51.75
-61.25 -18.25
-76.75 55.25
23.75 -14.75
-103.25 46.75
133.75 -25.25
23.25 2.25
-22.25 77.25
-67.75 -47.25
18.25 -13.25
-63.75 5.25
74.75 17.75
28.25 -16.75
44.25 23.25
-119.75 51.75
27.25 -18.75
38.25 -17.25
-105.75 47.25
50.75 35.25
37.25 49.75
-74.25 60.75
27.25 44.75
-5.75 9.75
-52.25 -4.75
104.25 19.75
45.25 44.25
63.25 42.25
39.25 38.75
98.75 33.75
19.75 -14.25
-65.75 -17.75
76.25 38.25
-8.75 52.25
27.25 53.75
-45.75 -18.75
49.25 33.75
109.75 40.25
-107.75 48.25
-58.25 -12.75
81.75 65.75
-88.25 33.25
28.75 -16.25
-132.25 68.25
78.75 19.75
84.75 65.75
-15.75 11.75
121.25 55.75
-80.25 50.75
-158.25 61.25
-11.25 25.25
142.75 -20.25
3.75 51.75
-156.75 62.75
80.75 68.25
110.25 70.75
32.25 13.75
-106.75 75.25
-5.25 38.25
29.75 -17.75
-122.75 54.25
103.75 73.25
77.75 26.75
102.75 58.25
147.25 -25.25
149.75 66.75
47.75 -23.75
66.75 37.75
30.25 24.75
6.25 52.75
81.75 35.75
-89.75 67.25
89.75 75.25
-56.25 -26.75
66.75 27.25
118.25 43.25
91.75 61.25
-99.25 33.75
35.25 -11.75
70.25 38.25
-0.75 33.25
25.75 31.75
-74.25 71.75
20.75 6.25
21.75 55.75
-64.75 -8.75
22.25 17.25
130.75 52.75
19.25 44.25
61.75 27.75
16.25 27.25
8.25 56.75
145.75 66.25
89.75 45.75
8.25 34.25
74.25 28.75
58.75 40.75
125.25 -22.75
104.75 76.75
-118.75 63.75
62.75 55.25
160.75 60.75
146.25 -30.25
26.75 -26.75
162.75 67.25
-4.25 18.75
146.75 -29.25
122.75 -22.75
48.25 57.25
109.75 70.25
-54.75 -14.25
167.75 -45.25
-83.25 64.75
53.75 58.75
-60.25 -25.75
50.25 23.25
43.75 36.75
5.75 47.25
24.25 65.75
169.25 -45.25
35.75 -5.25
-107.25 46.75
-121.25 49.75
-158.75 64.25
-79.75 40.25
57.25 21.25
-83.75 74.75
87.75 50.75
-97.25 20.75
126.25 71.75
126.25 50.25
-117.25 36.25
26.25 68.75
-98.25 49.25
132.75 -27.25
139.75 61.25
-63.25 66.25
49.75 55.25
31.75 62.25
92.25 71.25
-154.75 19.75
-129.25 68.25
-148.75 64.25
71.25 50.25
117.75 50.75
8.25 52.25
-78.25 50.25
-59.25 -21.75
-115.25 34.25
146.75 66.25
141.25 42.25
87.75 35.25
-111.25 62.75
138.75 67.75
40.75 60.25
-92.75 37.75
-58.75 -26.75
145.25 68.25
-58.75 -1.25
45.25 65.25
-74.25 5.75
19.75 7.25
112.25 76.25
105.75 28.25
-60.75 8.75
28.75 24.75
77.25 29.75
45.25 51.75
25.75 -9.25
10.75 22.25
134.75 50.75
25.25 61.25
129.75 -22.75
161.25 66.75
-115.75 39.25
-99.25 40.75
61.75 46.75
116.75 24.75
-129.75 63.25
63.75 60.25
-96.75 32.75
45.75 23.25
15.25 22.75
-71.25 48.25
82.75 17.75
-111.75 74.75
100.25 64.75
-8.25 19.75
-145.75 69.25
-83.25 62.75
47.25 20.75
100.25 7.75
73.25 16.25
22.75 62.75
105.25 34.75
83.25 65.25
26.75 24.25
107.25 34.25
61.75 53.75
143.75 -7.25
115.75 53.25
38.25 -15.25
47.75 -17.25
-69.75 70.25
-46.75 -21.75
141.75 39.25
-104.25 70.75
2.75 12.75
-178.25 70.75
-123.25 65.25
-102.75 42.75
45.75 56.75
-49.75 -23.25
0.25 19.75
14.25 10.75
17.75 50.25
118.25 37.25
-74.75 20.75
-37.75 -12.25
126.25 -16.75
14.75 29.25
-88.75 80.25
56.25 19.75
-62.25 3.75
148.25 64.25
-89.75 68.25
-71.25 43.25
-114.75 55.25
66.25 64.25
96.25 37.75
113.75 25.25
21.75 -21.75
101.25 23.75
99.25 29.75
-66.25 -38.25
123.75 -22.75
114.75 57.75
9.25 15.25
97.25 33.25
-117.25 58.25
29.25 29.25
70.75 45.25
101.75 54.75
-54.25 -27.25
51.75 55.25
-3.75 22.75
134.75 71.25
-65.25 -3.75
23.75 -21.75
-49.75 -25.75
-45.25 -7.25
-109.75 75.25
-98.75 23.25
25.75 14.25
-67.25 -19.25
-117.75 76.25
121.75 50.75
-56.75 -8.25
120.25 59.25
39.75 58.75
-53.25 -5.75
-46.25 -2.75
-150.25 62.75
-116.75 65.75
20.25 -3.75
-99.75 72.25
84.75 23.25
-88.25 79.25
40.75 1.25
3.75 34.25
98.75 27.25
98.75 61.75
-78.75 44.75
112.25 1.25
59.75 37.25
22.25 52.25
54.25 39.25
112.25 -0.75
-75.25 4.25
100.25 49.75
-47.25 -13.25
40.75 46.75
17.25 28.25
-123.25 56.25
73.75 47.75
78.75 9.25
107.75 40.75
45.25 58.75
69.75 70.75
57.75 31.25
-72.25 -2.25
75.75 59.75
1.25 15.25
43.75 29.25
133.75 48.75
-109.75 56.75
161.25 55.25
58.75 25.75
133.25 -21.25
122.25 13.75
117.75 53.75
131.75 63.75
75.25 34.25
23.75 12.25
96.75 61.25
8.75 19.75
127.75 54.25
121.75 37.25
79.75 66.75
-121.25 66.75
19.25 65.75
87.75 67.25
104.75 52.25
12.25 2.25
104.25 32.25
-78.25 71.75
15.75 23.25
140.25 68.75
-97.75 23.25
131.25 -29.75
15.25 40.75
118.75 -8.25
41.75 35.25
155.75 60.75
-37.25 -4.75
4.75 23.25
27.25 61.75
-166.75 53.25
-85.25 37.25
-57.25 -19.25
114.75 72.75
-66.25 -32.75
-71.75 46.25
56.75 38.75
127.25 -15.25
23.75 -17.25
23.75 -22.25
-163.75 65.25
48.25 47.75
-54.75 -29.75
56.25 28.75
-104.75 42.25
133.75 66.75
-51.75 -20.25
8.25 39.25
17.75 -4.25
-65.25 53.75
-121.75 47.75
-134.25 61.75
-52.75 -29.25
166.75 65.25
119.25 -26.25
-164.75 62.75
100.75 6.75
81.75 6.25
86.25 25.75
80.25 31.25
84.75 64.75
91.25 58.25
91.75 38.25
9.75 13.25
89.25 47.25
140.25 71.25
106.25 25.75
31.25 39.25
121.25 67.25
40.25 -0.75
-53.75 -2.75
144.25 -35.75
97.75 35.75
103.75 67.75
155.75 68.25
141.75 52.75
-88.75 44.25
112.25 75.25
140.25 39.75
49.25 17.25
-57.75 48.25
114.25 72.25
-79.75 71.75
76.75 65.25
20.25 39.75
117.25 64.75
54.75 49.75
18.75 59.75
-0.25 40.75
41.25 33.25
134.25 -5.75
84.25 50.25
126.25 72.25
39.75 2.25
177.25 67.25
-116.75 58.75
136.25 -21.25
13.75 27.25
-169.75 66.25
-53.75 -6.75
70.75 63.25
41.75 14.25
108.25 72.75
-57.25 -17.75
9.75 60.75
32.25 58.25
-53.25 -9.25
-70.25 7.75
-67.25 -0.75
74.25 67.25
73.25 54.75
17.25 -26.75
112.25 -3.25
74.75 55.25
57.75 60.25
142.25 -35.25
-91.75 75.25
178.75 63.75
-69.75 -11.25
-159.75 65.75
-103.75 47.25
-138.75 63.75
99.75 41.25
74.25 60.75
-116.75 38.25
-68.75 -33.75
22.75 39.25
-88.75 39.75
18.25 14.25
-72.25 -10.25
67.75 70.25
-153.25 65.25
54.75 45.75
101.25 47.25
-99.75 58.25
-16.75 14.25
147.75 -10.25
-55.75 -25.75
51.25 52.25
-83.75 12.25
-50.25 -19.25
118.25 53.25
136.75 -20.25
20.25 21.75
-97.25 53.25
-142.25 63.25
35.25 32.25
27.25 2.25
117.25 -24.75
-60.25 -5.25
12.25 58.25
87.25 23.25
39.75 -0.25
64.25 37.75
173.75 -41.25
-160.75 66.25
-64.75 60.25
119.75 47.25
124.25 64.75
-122.75 53.75
65.75 39.25
33.25 38.25
24.75 -20.25
41.75 32.75
-109.75 75.75
84.75 51.25
-48.75 -27.25
74.25 22.75
59.75 46.75
32.25 63.25
70.75 50.75
146.25 66.25
38.75 56.25
-143.75 60.25
54.75 40.75
67.75 40.25
99.25 27.75
75.75 25.25
11.25 1.25
-102.25 49.75
-57.75 -19.75
-133.75 58.25
131.25 -24.75
104.25 71.75
-112.25 40.25
-6.75 27.75
-6.75 5.25
24.25 27.25
24.25 -6.75
75.75 62.75
-122.75 64.75
-6.25 54.75
31.25 7.75
-107.75 66.25
17.75 50.75
32.75 66.25
-98.25 16.25
49.25 54.75
38.75 49.75
56.25 57.75
-96.75 69.25
93.75 29.25
-125.75 59.25
48.75 28.25
26.25 44.25
52.75 72.25
160.25 55.75
140.75 -4.75
151.75 59.25
-73.25 47.25
17.75 -22.75
-83.25 41.25
43.75 42.25
138.75 51.75
-97.25 38.25
-101.75 46.25
23.25 -11.25
-65.25 -39.25
49.75 17.25
106.75 25.25
-72.25 -13.25
36.75 20.75
149.25 -9.25
89.75 70.75
-70.75 -6.75
-75.75 -8.25
-58.25 -8.75
-9.25 6.25
76.75 57.25
71.25 27.25
5.25 30.75
70.75 72.25
-90.75 30.25
-61.75 -37.25
13.75 24.25
137.25 57.25
126.25 51.25
100.75 16.25
-109.75 50.25
-126.25 55.75
106.25 32.75
119.25 -8.75
-80.25 25.25
76.75 11.25
58.75 42.25
-65.25 -33.25
107.25 34.75
-104.25 62.75
116.25 24.75
127.75 -26.75
-74.25 -50.75
34.75 -9.25
26.25 52.75
8.25 14.25
81.25 26.75
-102.75 70.25
122.75 -4.25
-84.25 39.25
78.25 34.75
28.25 -12.75
21.25 -1.75
110.75 64.75
-92.25 32.75
8.25 52.75
126.25 53.75
-60.25 -26.75
91.75 29.75
-6.75 22.75
59.75 53.75
-102.25 32.25
14.75 57.25
-88.25 36.75
20.75 18.75
-105.75 43.75
48.25 4.75
-56.25 -3.25
151.25 -31.75
173.75 66.25
107.75 74.25
48.75 9.75
-101.25 25.25
129.25 44.75
50.25 32.25
94.25 38.75
-68.75 -13.25
-94.75 41.25
-68.75 -17.25
-3.25 51.25
84.75 46.75
54.75 18.25
155.25 63.25
-128.25 64.75
104.25 31.25
-10.25 13.75
89.25 35.75
13.25 56.25
167.75 60.25
82.75 19.75
-72.75 19.75
123.75 64.75
-107.75 72.75
35.75 3.75
126.25 33.25
33.25 -9.25
-101.75 64.25
27.75 12.25
117.75 72.75
23.25 -19.75
147.25 -34.75
17.75 -23.25
-104.75 65.75
92.25 49.25
13.75 -5.25
12.75 55.25
112.75 39.75
93.75 48.25
7.25 24.75
66.25 39.25
60.75 69.25
-74.75 -2.75
