-61.75 1.25
-60.25 3.75
19.25 2.25
23.25 2.75
114.75 -4.25
-4.75 12.25
6.75 16.25
-41.75 -9.25
-46.25 -19.25
71.25 20.75
-88.75 40.25
-84.25 31.25
22.75 45.25
9.25 46.25
117.75 39.25
-130.25 53.75
-121.75 53.25
-67.25 -37.25
-69.25 -39.25
173.75 -41.75
-102.25 56.75
-133.75 56.75
64.25 64.75
75.25 58.25
23.25 65.75
39.25 38.25
-4.25 31.75
-121.75 38.75
124.25 -30.75
20.75 -32.25
-99.75 42.25
-98.75 35.25
87.25 47.25
50.75 52.75
-57.75 -30.25
-85.75 73.25
-124.25 69.75
117.75 67.25
82.25 72.75
-25.75 72.25
29.25 21.75
13.25 26.25
47.75 17.75
130.75 -24.25
-69.25 -23.75
72.25 58.75
82.75 62.25
-94.75 52.75
-90.25 50.25
102.75 4.75
